Пример запроса от AD
01 00 00 00 00 00 00 00 00 00 00 00 00 00 00 00
00 00 00 00 02 00 00 00 4b 00 00 00 4b 00 00 00
05 00 13 00 0d 78 56 34 12 34 12 cd ab ef 00 01
23 45 67 cf fb 01 00 02 00 00 00 13 00 0d 04 5d
88 8a eb 1c c9 11 9f e8 08 00 2b 10 48 60 02 00
02 00 00 00 01 00 0b 02 00 00 00 01 00 07 02 00
00 87 01 00 09 04 00 00 00 00 00 00 00 00 00 00
00 00 00 00 00 00 00 00 00 00 00 00 00 00 00 00
04 00 00 00
=====================
Разбор hex
01 00 00 00 - Referent ID: 0x00000001
00 00 00 00 00 00 00 00 00 00 00 00
00 00 00 00 - UUID из нулей
02 00 00 00 - Refernt ID - 0x00000002
4b 00 00 00 - Lenght 75
4b 00 00 00 - Lenght 75
05 00 - Number of floors: 5

13 00 0d 78 56 34 12 34 12 cd ab ef 00 01
23 45 67 cf fb 01 00 02 00 00 00 - Floor 1 UUID: RPC_NETLOGON

13 00 0d 04 5d
88 8a eb 1c c9 11 9f e8 08 00 2b 10 48 60 02 00
02 00 00 00 - Floor 2 UUID: 32bit NDR

01 00 0b 02 00 00 00 - Floor 3 RPC connect

01 00 07 02 00 00 87 - Floor 4 TCP Port:135

01 00 09 04 00 00 00 00 00 - Floor 5 IP:0.0.0.0

00 00 00 00 00 00 00 00 00 00
00 00 00 00 00 00 00 00 00 00 - Handel -просто нулевой

04 00 00 00 - Max Towers: 4
